,mean_fit_time,std_fit_time,mean_score_time,std_score_time,param_n_neighbors,param_p,param_weights,params,split0_test_Macro F1,split1_test_Macro F1,split2_test_Macro F1,split3_test_Macro F1,split4_test_Macro F1,mean_test_Macro F1,std_test_Macro F1,rank_test_Macro F1,split0_test_Deceased macro F1,split1_test_Deceased macro F1,split2_test_Deceased macro F1,split3_test_Deceased macro F1,split4_test_Deceased macro F1,mean_test_Deceased macro F1,std_test_Deceased macro F1,rank_test_Deceased macro F1,split0_test_Accuracy,split1_test_Accuracy,split2_test_Accuracy,split3_test_Accuracy,split4_test_Accuracy,mean_test_Accuracy,std_test_Accuracy,rank_test_Accuracy
0,0.004114532470703125,0.0025089449109328785,0.02012348175048828,0.00345913379132302,5,1,uniform,"{'n_neighbors': 5, 'p': 1, 'weights': 'uniform'}",0.7532559909530985,0.7540781986209067,0.7727660369429957,0.7819831064638186,0.7363227327693936,0.7596812131500426,0.016042960555076195,20,0.6266666666666666,0.6562500000000001,0.6644736842105262,0.6943620178041543,0.6198083067092652,0.6523121350781225,0.027002931705246244,40,0.755741127348643,0.755741127348643,0.7761506276150628,0.7803347280334728,0.7384937238493724,0.7612922668390388,0.015262962196292997,19
1,0.0030486583709716797,0.0005542880118904188,0.005280160903930664,0.00014776141039747699,5,1,distance,"{'n_neighbors': 5, 'p': 1, 'weights': 'distance'}",0.7488312606921964,0.7481531079120635,0.7691396974687646,0.7741295071611813,0.7209609416187118,0.7522429029705835,0.01882260311426677,42,0.6174496644295303,0.6606060606060606,0.6687898089171974,0.6863905325443787,0.6217008797653959,0.6509873892525125,0.02700113391585835,41,0.7515657620041754,0.7473903966597077,0.7698744769874477,0.7719665271966527,0.7175732217573222,0.7516740769210611,0.019617686267064782,43
2,0.0027199745178222655,0.0003279214926677528,0.017270660400390624,0.00036451687361282233,5,2,uniform,"{'n_neighbors': 5, 'p': 2, 'weights': 'uniform'}",0.7446023751212976,0.7486146638591592,0.7689078947197338,0.7776141083336171,0.7303592027719882,0.7540196489611591,0.017065016842914168,39,0.62,0.6459627329192547,0.6601307189542484,0.6865671641791045,0.6114649681528662,0.6448251168410947,0.027229175856168786,43,0.7473903966597077,0.7494780793319415,0.7719665271966527,0.7761506276150628,0.7322175732217573,0.7554406408050245,0.016380951820925787,38
3,0.0023797988891601563,8.253204097284647e-05,0.005768775939941406,0.0001538500145834114,5,2,distance,"{'n_neighbors': 5, 'p': 2, 'weights': 'distance'}",0.7445529263391902,0.7444450832227342,0.7649397120198954,0.7697654901529353,0.7186850262700823,0.7484776476009675,0.018129738573200983,44,0.608695652173913,0.6525679758308157,0.6624203821656051,0.6785714285714286,0.6176470588235293,0.6439804995130584,0.026641234750531657,44,0.7473903966597077,0.7432150313152401,0.7656903765690377,0.7677824267782427,0.7154811715481172,0.7479118805740691,0.01889442644090776,44
4,0.0025054454803466798,0.00013988768788410788,0.017083358764648438,0.00012116191047932078,10,1,uniform,"{'n_neighbors': 10, 'p': 1, 'weights': 'uniform'}",0.7523518080467045,0.754983852612801,0.7669328431090939,0.8194899902008973,0.7605446433634083,0.770860627466581,0.024824626136144567,12,0.6453674121405751,0.6707692307692308,0.6666666666666667,0.7414330218068534,0.6726190476190476,0.6793710758004747,0.0325235850371319,9,0.7536534446764092,0.755741127348643,0.7698744769874477,0.8200836820083682,0.7594142259414226,0.7717533913924581,0.024801624887576947,15
5,0.0026088237762451174,0.00027267650110976996,0.0060975074768066405,0.0003600869006233848,10,1,distance,"{'n_neighbors': 10, 'p': 1, 'weights': 'distance'}",0.74778972520908,0.7625809206792827,0.7633552735688571,0.80247013271085,0.7376209229035459,0.7627633950143231,0.022060658770239452,16,0.6322580645161291,0.688821752265861,0.66875,0.7250755287009064,0.653409090909091,0.6736628872783974,0.031691522407426426,11,0.7494780793319415,0.7620041753653445,0.7635983263598326,0.801255230125523,0.7343096234309623,0.7621290869227207,0.022212608542799092,17
6,0.0028148174285888674,0.0003250713095968337,0.01715574264526367,0.00026868014121460027,10,2,uniform,"{'n_neighbors': 10, 'p': 2, 'weights': 'uniform'}",0.748188668295584,0.7514990552011599,0.7773612248065896,0.8176024360237107,0.762489165996778,0.7714281100647644,0.02523653633465959,11,0.6430868167202572,0.6605504587155964,0.6840390879478827,0.7391304347826085,0.6824925816023739,0.6818598759537438,0.0323805731119033,5,0.7494780793319415,0.7515657620041754,0.7803347280334728,0.8179916317991632,0.7615062761506276,0.7721752954638761,0.0253750171535654,13
7,0.002419567108154297,0.00015882805124520862,0.006278610229492188,0.00021295873132958537,10,2,distance,"{'n_neighbors': 10, 'p': 2, 'weights': 'distance'}",0.7436132113469006,0.7585287085789263,0.7634497230875735,0.7958336651515968,0.7392221033190598,0.7601294822968114,0.019991402404747206,17,0.6298701298701298,0.6787878787878788,0.66875,0.7116564417177913,0.6609686609686609,0.6700066222688921,0.026480256011773014,14,0.7453027139874739,0.7578288100208769,0.7635983263598326,0.7949790794979079,0.7364016736401674,0.7596221207012517,0.02006676496267061,21
8,0.0025302410125732423,0.00022178149890217058,0.017824602127075196,0.0002824438313568839,15,1,uniform,"{'n_neighbors': 15, 'p': 1, 'weights': 'uniform'}",0.7527122905813735,0.7709290744034504,0.757913582135687,0.8073862690024401,0.7701258078087806,0.7718134047863463,0.01911604732109987,10,0.6357615894039735,0.6816720257234726,0.6338028169014084,0.7142857142857143,0.6688102893890675,0.6668664871407273,0.030107428969747708,21,0.755741127348643,0.7745302713987474,0.7656903765690377,0.8096234309623431,0.7719665271966527,0.7755103466950848,0.018245413501991197,10
9,0.002517223358154297,0.00015878340857895063,0.006568813323974609,0.000124882877940271,15,1,distance,"{'n_neighbors': 15, 'p': 1, 'weights': 'distance'}",0.747233591473537,0.7539533550947762,0.7587923315174331,0.7980913053197282,0.7413726409534683,0.7598886448717885,0.01999432724861961,18,0.6298701298701298,0.6747720364741642,0.6582278481012659,0.7155963302752293,0.6609686609686609,0.6678870011378899,0.027964366495196204,16,0.7494780793319415,0.7536534446764092,0.7594142259414226,0.797071129707113,0.7384937238493724,0.7596221207012517,0.01993693716735124,21
10,0.0027035236358642577,0.00024748351986859105,0.01745772361755371,0.00018912975128955402,15,2,uniform,"{'n_neighbors': 15, 'p': 2, 'weights': 'uniform'}",0.7529458698581702,0.7650742938282873,0.7582579131724585,0.8028974349117991,0.7717779924756741,0.7701907008492779,0.017539687489804796,14,0.6378737541528239,0.6666666666666666,0.6360424028268551,0.7058823529411765,0.6731391585760519,0.6639208670327148,0.025725254012775003,34,0.755741127348643,0.7682672233820459,0.7656903765690377,0.805439330543933,0.7740585774058577,0.7738393270499035,0.01687368873241963,12
11,0.002633333206176758,5.179667637399543e-05,0.006555318832397461,0.00010517918778153098,15,2,distance,"{'n_neighbors': 15, 'p': 2, 'weights': 'distance'}",0.7432900432900432,0.7518208071184009,0.7612945492662474,0.7914153300062868,0.7371528210237887,0.7569947101409534,0.019034470931109538,27,0.6298701298701298,0.6666666666666665,0.6666666666666666,0.7037037037037036,0.6571428571428571,0.6648100048100047,0.02366091382131141,30,0.7453027139874739,0.7515657620041754,0.7615062761506276,0.7907949790794979,0.7343096234309623,0.7566958709305475,0.019199767158868487,29
12,0.0031148433685302735,0.0008051098195927954,0.0212552547454834,0.0020770818185592505,20,1,uniform,"{'n_neighbors': 20, 'p': 1, 'weights': 'uniform'}",0.7633017553265731,0.7777895598581713,0.7824917299605104,0.8231682204500356,0.7695526078067799,0.7832607746804141,0.0210209711567759,1,0.6534653465346534,0.69375,0.6843853820598007,0.7460815047021944,0.6829268292682926,0.6921218125129883,0.030176221799980647,1,0.7661795407098121,0.7807933194154488,0.7866108786610879,0.8242677824267782,0.7698744769874477,0.785545199640115,0.020706302177728127,1
13,0.0029014110565185546,0.00022710891357261882,0.008070850372314453,0.000577720984766663,20,1,distance,"{'n_neighbors': 20, 'p': 1, 'weights': 'distance'}",0.7450207597195412,0.7514253466984031,0.7606917747564723,0.7955759925966727,0.7458541682385732,0.7597136084019326,0.018781515251224432,19,0.6298701298701298,0.6666666666666665,0.6645569620253164,0.7098765432098766,0.6685552407932012,0.6679051085130381,0.025382779303966166,15,0.7473903966597077,0.7515657620041754,0.7615062761506276,0.7949790794979079,0.7426778242677824,0.7596238677160402,0.018736561754789896,20
14,0.0037411212921142577,0.001158037504099632,0.02685246467590332,0.0047871971294138,20,2,uniform,"{'n_neighbors': 20, 'p': 2, 'weights': 'uniform'}",0.7591995438075917,0.7630479221652952,0.7833231760223938,0.8125755100019806,0.7731202021651304,0.7782532708324783,0.019101390398693283,5,0.6468646864686468,0.6666666666666666,0.6973684210526315,0.73125,0.6894409937888198,0.6863181535953531,0.028612893491950522,3,0.7620041753653445,0.7661795407098121,0.7866108786610879,0.8138075313807531,0.7740585774058577,0.780532140704571,0.0186300420171299,5
15,0.003635072708129883,0.0006868246394519755,0.011936092376708984,0.002102600489186181,20,2,distance,"{'n_neighbors': 20, 'p': 2, 'weights': 'distance'}",0.7433513124775261,0.7473964910985958,0.758675573369841,0.7936832506452759,0.7349574765710901,0.7556128208324658,0.020509675703078174,34,0.627831715210356,0.6605504587155964,0.6645569620253164,0.7076923076923075,0.6532951289398281,0.6627853145166809,0.02583249534277513,37,0.7453027139874739,0.7473903966597077,0.7594142259414226,0.7928870292887029,0.7322175732217573,0.7554423878198129,0.02061512179435609,37
16,0.0033629417419433595,0.0009106238424704981,0.022893619537353516,0.005082691542476752,25,1,uniform,"{'n_neighbors': 25, 'p': 1, 'weights': 'uniform'}",0.7580672181629201,0.7655094617431231,0.7834203399144327,0.8118603908877762,0.7725346848955351,0.7782784191207575,0.01875482645469796,4,0.6397306397306397,0.6710097719869708,0.6849315068493151,0.7225806451612904,0.6911314984709481,0.6818768124398328,0.02700435080472596,4,0.7620041753653445,0.7703549060542797,0.7887029288702929,0.8138075313807531,0.7740585774058577,0.7817856238153056,0.018192998273392335,4
17,0.0026637554168701173,0.0002485845724289764,0.00892176628112793,0.0015544798081358045,25,1,distance,"{'n_neighbors': 25, 'p': 1, 'weights': 'distance'}",0.747016943595586,0.7553277125076749,0.7519045052849762,0.7958336651515968,0.7416937724381089,0.7583553197955886,0.01929544878753901,23,0.6319218241042346,0.674846625766871,0.6539682539682541,0.7116564417177913,0.6609686609686609,0.6666723613051623,0.02642692742854976,24,0.7494780793319415,0.755741127348643,0.7531380753138075,0.7949790794979079,0.7384937238493724,0.7583660170683345,0.019228318889011147,24
18,0.002753543853759766,0.00033435372710275736,0.019975996017456053,0.0032983989958385745,25,2,uniform,"{'n_neighbors': 25, 'p': 2, 'weights': 'uniform'}",0.7451703138593322,0.7597530490114387,0.7761008361204117,0.8073342193366595,0.7638739657088282,0.770446476807334,0.020924191939910828,13,0.614334470989761,0.6644951140065146,0.6868686868686869,0.7142857142857143,0.6850152905198776,0.6729998553341108,0.033332252445729245,12,0.7494780793319415,0.7640918580375783,0.7803347280334728,0.8096234309623431,0.7656903765690377,0.7738436945868747,0.020384215304193015,11
19,0.002497291564941406,0.00016376851235927483,0.007584714889526367,0.00023315204335604096,25,2,distance,"{'n_neighbors': 25, 'p': 2, 'weights': 'distance'}",0.7451759783048127,0.7507128330454728,0.7479955487550424,0.7936832506452759,0.7372545356416325,0.7549644292784472,0.0198758275269467,35,0.6298701298701298,0.6687306501547988,0.6518987341772151,0.7076923076923075,0.6571428571428571,0.6630669358074617,0.025633387744065976,36,0.7473903966597077,0.7515657620041754,0.7489539748953975,0.7928870292887029,0.7343096234309623,0.7550213572557892,0.019848278834215218,41
20,0.002530622482299805,0.00020345973823449628,0.01905341148376465,0.00029134221236048823,30,1,uniform,"{'n_neighbors': 30, 'p': 1, 'weights': 'uniform'}",0.7613219323184515,0.7670555440931578,0.7857452957252887,0.8120172999691073,0.7789677693633017,0.7810215682938614,0.01772226036664474,2,0.6513157894736842,0.6772151898734177,0.6894197952218429,0.7243589743589745,0.6956521739130435,0.6875923845681926,0.023848518948598244,2,0.7640918580375783,0.7703549060542797,0.7907949790794979,0.8138075313807531,0.7803347280334728,0.7838768005171164,0.01749595210849962,2
21,0.0026618003845214843,0.00015256878614037866,0.007849740982055663,0.0001565545350009602,30,1,distance,"{'n_neighbors': 30, 'p': 1, 'weights': 'distance'}",0.747016943595586,0.7508783585518849,0.749508171104836,0.7955759925966727,0.7432332863367347,0.757242550437143,0.019342176018842836,26,0.6319218241042346,0.6666666666666666,0.6517571884984025,0.7098765432098766,0.6609195402298851,0.6642283525418131,0.02569004724884963,32,0.7494780793319415,0.7515657620041754,0.7510460251046025,0.7949790794979079,0.7405857740585774,0.757530943999441,0.01914151423110837,28
22,0.002648162841796875,0.00024789105095888357,0.01917438507080078,0.0006661378134022123,30,2,uniform,"{'n_neighbors': 30, 'p': 2, 'weights': 'uniform'}",0.7438197939132518,0.7600514234094523,0.7769344640488446,0.7992557862433913,0.7681507644298863,0.7696424464089653,0.018391006696903724,15,0.641025641025641,0.6773162939297125,0.6910299003322258,0.7096774193548386,0.6853582554517134,0.6808815020188262,0.022598391664344283,7,0.7453027139874739,0.7640918580375783,0.7803347280334728,0.801255230125523,0.7698744769874477,0.7721718014342992,0.018466132460450157,14
23,0.0027313232421875,0.00013651407303332636,0.009002017974853515,0.0012939653779528726,30,2,distance,"{'n_neighbors': 30, 'p': 2, 'weights': 'distance'}",0.7414583083622998,0.7527330350656748,0.7541802093859804,0.7936832506452759,0.7371503312753518,0.7558410269469166,0.02000328233821929,32,0.627831715210356,0.6687306501547988,0.6645569620253164,0.7076923076923075,0.6571428571428571,0.6651908984451271,0.025611642064963528,26,0.7432150313152401,0.7536534446764092,0.7552301255230126,0.7928870292887029,0.7343096234309623,0.7558590508468654,0.020002902214432385,36
24,0.0025317192077636717,0.00017033991539774633,0.019352245330810546,0.00048809873254260466,35,1,uniform,"{'n_neighbors': 35, 'p': 1, 'weights': 'uniform'}",0.7600899735655965,0.7616001431840238,0.7890685474343487,0.808754011622864,0.7755937423197504,0.7790212836253166,0.01821329897892358,3,0.6442953020134228,0.6709677419354839,0.6898954703832754,0.7147540983606556,0.6815286624203822,0.680288255022644,0.023082877572045496,8,0.7640918580375783,0.7661795407098121,0.7949790794979079,0.8117154811715481,0.7782426778242678,0.7830417274482229,0.01806181771649095,3
25,0.003557920455932617,0.000953421487673098,0.009445905685424805,0.0011528796203290543,35,1,distance,"{'n_neighbors': 35, 'p': 1, 'weights': 'distance'}",0.7433576435949684,0.7553277125076749,0.7540209074013783,0.7977282326399245,0.7413722007508573,0.7583613393789607,0.020452560941211402,22,0.627831715210356,0.674846625766871,0.6603174603174603,0.7138461538461538,0.6590257879656161,0.6671735486212914,0.02792267894749272,19,0.7453027139874739,0.755741127348643,0.7552301255230126,0.797071129707113,0.7384937238493724,0.758367764083123,0.020397879870749418,23
26,0.002582073211669922,0.00024994728606674916,0.019233274459838866,0.0002837666862639111,35,2,uniform,"{'n_neighbors': 35, 'p': 2, 'weights': 'uniform'}",0.735455344557172,0.754075039344297,0.7653096621587356,0.791369878307469,0.7458167356357402,0.7584053320006828,0.019174238992618952,21,0.6204620462046204,0.6710526315789473,0.6779661016949152,0.7,0.6474358974358975,0.663383335382876,0.02723531952055539,35,0.7390396659707724,0.7599164926931107,0.7698744769874477,0.7949790794979079,0.7489539748953975,0.7625527380089273,0.019234428446325592,16
27,0.002514171600341797,8.254372123857372e-05,0.008270788192749023,0.0001820170818114733,35,2,distance,"{'n_neighbors': 35, 'p': 2, 'weights': 'distance'}",0.741523961237223,0.7549623141724835,0.7541802093859804,0.7936832506452759,0.7371503312753518,0.7563000133432629,0.019944079212688228,31,0.6258064516129032,0.6728395061728395,0.6645569620253164,0.7076923076923075,0.6571428571428571,0.6656076169292447,0.026382987750296166,25,0.7432150313152401,0.755741127348643,0.7552301255230126,0.7928870292887029,0.7343096234309623,0.7562765873813122,0.019974273496600616,34
28,0.0025619029998779296,0.00020213669884142682,0.019789838790893556,0.0005633546508856515,40,1,uniform,"{'n_neighbors': 40, 'p': 1, 'weights': 'uniform'}",0.7569337450201957,0.7659659278387269,0.7818258069273155,0.8082879472168738,0.7719086314107061,0.7769844116827637,0.01762129512864584,6,0.6423841059602649,0.6775244299674267,0.6847457627118644,0.7197452229299363,0.6813880126182965,0.6811575068375577,0.024570374069175244,6,0.7599164926931107,0.7703549060542797,0.7866108786610879,0.8096234309623431,0.7740585774058577,0.7801128571553357,0.0170461919523078,6
29,0.0026431560516357424,0.00017504778456260483,0.008500480651855468,0.0002137241698940791,40,1,distance,"{'n_neighbors': 40, 'p': 1, 'weights': 'distance'}",0.747016943595586,0.7486443381180224,0.7518034032730463,0.7955759925966727,0.7393314526903009,0.7564744260547257,0.019976920419304343,29,0.6319218241042346,0.6666666666666666,0.6560509554140127,0.7098765432098766,0.6609686609686609,0.6650969300726903,0.02532641998005056,29,0.7494780793319415,0.7494780793319415,0.7531380753138075,0.7949790794979079,0.7364016736401674,0.7566949974231532,0.019971526926252387,31
30,0.002611398696899414,0.0001921065006041005,0.019601964950561525,0.00038545094446558426,40,2,uniform,"{'n_neighbors': 40, 'p': 2, 'weights': 'uniform'}",0.7348325571080062,0.7455971850530281,0.7723693233795856,0.7918785294317295,0.7439304028165693,0.7577215995577837,0.021177150282694623,25,0.62,0.6600000000000001,0.6956521739130435,0.7035830618892508,0.6407766990291263,0.6640023869662841,0.03181194926893211,33,0.7390396659707724,0.7515657620041754,0.7761506276150628,0.7949790794979079,0.7468619246861925,0.7617194119548223,0.020749351236449536,18
31,0.003036308288574219,0.0008080341056937655,0.010213470458984375,0.0019360607430470788,40,2,distance,"{'n_neighbors': 40, 'p': 2, 'weights': 'distance'}",0.7392424172575197,0.7507128330454728,0.753926545523577,0.7935739011669812,0.7368779281629557,0.7548667250313013,0.020416170290804673,37,0.627831715210356,0.6687306501547988,0.6624203821656051,0.7076923076923075,0.6590257879656161,0.6651401686377366,0.025535385966319463,27,0.7411273486430062,0.7515657620041754,0.7552301255230126,0.7928870292887029,0.7343096234309623,0.7550239777779719,0.020336239575021946,39
32,0.003182220458984375,0.0003055072042767681,0.02484889030456543,0.005373651013171075,45,1,uniform,"{'n_neighbors': 45, 'p': 1, 'weights': 'uniform'}",0.7573644056486071,0.751401701340025,0.7883960224429102,0.8060630569351673,0.768305328953813,0.7743061030641045,0.02027151679992934,8,0.6372881355932204,0.6442953020134228,0.6938775510204082,0.7156549520766772,0.673076923076923,0.6728385727561303,0.029510979795888313,13,0.7620041753653445,0.7578288100208769,0.7928870292887029,0.8075313807531381,0.7719665271966527,0.778443584524943,0.01893086558539219,7
33,0.003919792175292969,0.0018885917434287706,0.01136012077331543,0.0024887800407387742,45,1,distance,"{'n_neighbors': 45, 'p': 1, 'weights': 'distance'}",0.7433576435949684,0.7528917219398742,0.7562344924825785,0.7935739011669812,0.7435620874330552,0.7579239693234915,0.018533952534932455,24,0.627831715210356,0.6707692307692308,0.6645569620253164,0.7076923076923075,0.6628571428571429,0.6667414717108706,0.025404814719852897,23,0.7453027139874739,0.7536534446764092,0.7573221757322176,0.7928870292887029,0.7405857740585774,0.7579502275486762,0.018444081718795857,27
34,0.0032248497009277344,0.0005291666928594107,0.021202945709228517,0.0016556504778932172,45,2,uniform,"{'n_neighbors': 45, 'p': 2, 'weights': 'uniform'}",0.7365103200450941,0.7296960296352394,0.7654742107693067,0.7889236364373314,0.7385276254976859,0.7518263644769315,0.02219757054727255,43,0.6169491525423728,0.621160409556314,0.6802721088435375,0.7028753993610224,0.631578947368421,0.6505672035343336,0.034565923991289674,42,0.7411273486430062,0.7369519832985386,0.7698744769874477,0.7907949790794979,0.7426778242677824,0.7562853224552546,0.02080522867543868,32
35,0.002931690216064453,0.00045065467361550163,0.009217786788940429,0.0002190804128505985,45,2,distance,"{'n_neighbors': 45, 'p': 2, 'weights': 'distance'}",0.7392424172575197,0.7531046043121213,0.7565309473356652,0.7915546978034554,0.7387448087475909,0.7558354950912706,0.01924174967283893,33,0.627831715210356,0.6707692307692308,0.6687697160883281,0.7055214723926381,0.6609195402298851,0.6667623349380876,0.024787444127590718,22,0.7411273486430062,0.7536534446764092,0.7573221757322176,0.7907949790794979,0.7364016736401674,0.7558599243542596,0.019095219759179445,35
36,0.002804279327392578,0.00041193511972353685,0.020642423629760744,0.0006309676341113351,50,1,uniform,"{'n_neighbors': 50, 'p': 1, 'weights': 'uniform'}",0.7576827013723536,0.7553648058082842,0.7847860011214168,0.8038348963880879,0.7727239170522838,0.7748784643484853,0.017987514833225558,7,0.6397306397306397,0.6535947712418302,0.6912751677852349,0.7115384615384615,0.6773162939297125,0.6746910668451757,0.02571746437397264,10,0.7620041753653445,0.7599164926931107,0.7887029288702929,0.805439330543933,0.7761506276150628,0.7784427110175487,0.017045758430504696,8
37,0.0027642250061035156,0.00029023997141155403,0.009937572479248046,0.00025975720715003253,50,1,distance,"{'n_neighbors': 50, 'p': 1, 'weights': 'distance'}",0.7433576435949684,0.7491818230591769,0.7562344924825785,0.7914153300062868,0.7416937724381089,0.7563766123162239,0.018245965369449536,30,0.627831715210356,0.6666666666666665,0.6645569620253164,0.7037037037037036,0.6609686609686609,0.6647455417149407,0.024076378815363304,31,0.7453027139874739,0.7494780793319415,0.7573221757322176,0.7907949790794979,0.7384937238493724,0.7562783343961007,0.01830567370803689,33
38,0.0026410579681396484,0.0003017892014776065,0.022913122177124025,0.002166803209851795,50,2,uniform,"{'n_neighbors': 50, 'p': 2, 'weights': 'uniform'}",0.7381038072051092,0.7371977030691038,0.7694133685714798,0.791097067619433,0.7341075973727668,0.7539839087675785,0.022558709501443383,40,0.6190476190476191,0.6375838926174497,0.6849315068493151,0.7133757961783439,0.6369426751592356,0.6583762979703927,0.035124331209895776,39,0.7432150313152401,0.7432150313152401,0.7740585774058577,0.7928870292887029,0.7364016736401674,0.7579554685930417,0.021811240703931582,25
39,0.003228759765625,0.0011869234399616987,0.011157846450805664,0.0009427188149946245,50,2,distance,"{'n_neighbors': 50, 'p': 2, 'weights': 'distance'}",0.7392424172575197,0.7504780745502098,0.7568528296691063,0.7893183169546174,0.7387448087475909,0.7549272894358088,0.018515582024670723,36,0.627831715210356,0.6728395061728395,0.670846394984326,0.7055214723926381,0.6609195402298851,0.6675917257980089,0.02490852966071404,17,0.7411273486430062,0.7515657620041754,0.7573221757322176,0.7887029288702929,0.7364016736401674,0.7550239777779719,0.01839249428201435,39
40,0.0028954505920410155,0.00028201020310870804,0.02278761863708496,0.00043892197083325655,55,1,uniform,"{'n_neighbors': 55, 'p': 1, 'weights': 'uniform'}",0.7557006549688688,0.7549924352303563,0.7862207803226657,0.7957939572283766,0.7663846820690338,0.7718185019638603,0.016460109289971544,9,0.6375838926174497,0.6460481099656357,0.6894197952218429,0.691029900332226,0.670926517571885,0.6670016431418079,0.021907943418142454,20,0.7599164926931107,0.7620041753653445,0.7907949790794979,0.799163179916318,0.7698744769874477,0.7763506608083437,0.01579173100998151,9
41,0.0029966354370117186,0.00043273962288028665,0.010718202590942383,0.0006558055279654164,55,1,distance,"{'n_neighbors': 55, 'p': 1, 'weights': 'distance'}",0.7433576435949684,0.751038245771544,0.7539573487169529,0.7935739011669812,0.7416937724381089,0.7567241823377111,0.018986651102429853,28,0.627831715210356,0.6687116564417178,0.6603174603174603,0.7076923076923075,0.6609686609686609,0.6651043601261005,0.02551867685019992,28,0.7453027139874739,0.7515657620041754,0.7552301255230126,0.7928870292887029,0.7384937238493724,0.7566958709305475,0.01897044308388959,29
42,0.0027823448181152344,0.00037815243062580117,0.020895719528198242,0.0003262493562188349,55,2,uniform,"{'n_neighbors': 55, 'p': 2, 'weights': 'uniform'}",0.7369862936022654,0.7409044297124371,0.763614233973322,0.7844520018376328,0.7448240985342639,0.7541562115319842,0.017690637268640466,38,0.6241610738255032,0.6394557823129252,0.68013468013468,0.7051282051282051,0.6538461538461539,0.6605451790494935,0.02893039050354956,38,0.7411273486430062,0.7473903966597077,0.7677824267782427,0.7866108786610879,0.7468619246861925,0.7579545950856474,0.01694446642387415,26
43,0.0027286052703857423,0.00027432287130545256,0.01032876968383789,0.00022917376219944733,55,2,distance,"{'n_neighbors': 55, 'p': 2, 'weights': 'distance'}",0.736863883421484,0.7463750686799445,0.754466933860508,0.7890257853079395,0.7390550931801135,0.7531573528899979,0.018966337030597823,41,0.6233766233766234,0.6707692307692308,0.6729559748427674,0.7076923076923075,0.6628571428571429,0.6675302559076144,0.026923228034313077,18,0.7390396659707724,0.7473903966597077,0.7552301255230126,0.7887029288702929,0.7364016736401674,0.7533529581327907,0.018872798978098685,42
